76.0
64.0
37.0
66.0
59.666666666666664
48.666666666666664
49.666666666666664
55.0
83.33333333333333
43.666666666666664
50.666666666666664
54.666666666666664
80.33333333333333
57.333333333333336
76.0
67.66666666666667
36.666666666666664
70.33333333333333
57.0
57.0
65.33333333333333
60.333333333333336
60.333333333333336
78.66666666666667
61.333333333333336
61.0
46.0
66.66666666666667
66.33333333333333
61.333333333333336
49.333333333333336
62.666666666666664
51.0
61.333333333333336
36.0
79.66666666666667
47.666666666666664
64.33333333333333
58.0
64.66666666666667
65.0
59.0
83.0
59.0
71.0
68.33333333333333
86.66666666666667
53.0
50.333333333333336
69.66666666666667
63.0
72.0
58.666666666666664
70.33333333333333
65.0
39.666666666666664
77.66666666666667
75.33333333333333
89.66666666666667
70.33333333333333
68.33333333333333
75.33333333333333
61.0
39.666666666666664
56.333333333333336
63.666666666666664
60.333333333333336
62.666666666666664
57.0
70.66666666666667
53.333333333333336
49.666666666666664
63.0
80.0
74.66666666666667
56.333333333333336
50.666666666666664
59.0
70.66666666666667
63.333333333333336
83.33333333333333
42.333333333333336
53.333333333333336
55.333333333333336
66.33333333333333
44.666666666666664
61.333333333333336
56.0
56.333333333333336
38.333333333333336
86.33333333333333
53.666666666666664
69.0
61.0
51.333333333333336
53.333333333333336
55.333333333333336
65.66666666666667
47.333333333333336
58.333333333333336
76.0
92.33333333333333
72.66666666666667
88.66666666666667
73.0
76.33333333333333
62.666666666666664
83.0
63.0
60.666666666666664
59.666666666666664
58.0
65.66666666666667
51.666666666666664
59.666666666666664
51.0
37.0
58.666666666666664
76.0
49.333333333333336
56.333333333333336
61.0
60.0655737704918 61.959016393442624 64.02459016393442